77
23
20
3
24
345
26
12
21
14
28
29
9
9
59
26
17
5
16
14
40
20
463
4
11
13
6
9
6
3
4
25
8
27
28
15
9
24
28
39
14
17
29
6
13
7
9
10
6
20
12
4
12
8
16
6
15
350
18
22
27
12
18
6
1
14
40
1
25
14
18
19
2
19
13
25
9
9
16
22
51
1
3
14
209
10
24
17
29
21
21
1
2
84
322
12
12
25
13
19
37
1
6
12
20
22
43
13
4
20
7
30
7
19
354
4
13
30
10
21
30
3
4
9
1
17
15
47
14
7
29
25
43
11
21
580
110
56
70
24
47
46
34
41
5
26
56
17
31
17
206
7
13
14
10
8
35
6
3
7
9
12
6
11
3
16
28
11
7
502
14
12
22
14
20
8
20
5
79
1
26
18
21
13
25
29
23
1
18
16
44
21
11
4
8
29
306
17
9
19
10
26
2
28
7
20
29
15
16
6
16
13
2
37
9
24
182
13
11
10
5
14
4
4
2
1
2
24
15
2
7
14
2
11
8
6
1
7
4
1
3
9
15
12
258
13
10
19
11
12
15
3
18
48
13
14
5
12
14
21
3
27
348
74
8
46
21
30
15
24
25
9
25
35
21
11
4
102
7
7
6
4
17
2
1
15
6
20
3
8
2
4
513
8
6
8
6
11
7
1
1
20
4
38
14
20
20
1
29
17
68
14
48
3
6
4
5
5
4
10
35
16
14
22
4
19
8
17
293
20
18
27
26
18
5
1
5
24
15
16
5
18
24
6
16
5
8
9
27
216
11
3
29
16
62
15
5
18
57
423
76
23
49
30
30
42
17
23
8
19
35
27
12
32
616
32
68
25
36
26
109
36
39
3
25
43
95
35
18
26
595
8
10
11
8
16
15
1
2
9
27
12
21
24
19
20
1
33
23
80
17
24
51
3
4
11
11
10
5
23
39
11
9
11
6
8
5
14