256
263
286
306
309
333
333
359
371
392
406
434
463
472
481
540
566
583
588
604
618
658
678
678
682
693
706
712
721
727
730
734
759
767
794
822
837
846
870
898
937
951
968
997
1003
1016
1023
1032
1042
1048
1068
1080
1084
1096
1104
1120
1126
1141
1141
1159
1181
1208
1220
1238
1244
1245
1259
1299
1300
1325
1339
1357
1376
1378
1397
1410
1435
1444
1453
1469
1491
1524
1525
1528
1542
1542
1552
1576
1593
1622
1643
1664
1665
1667
1751
1751
1763
1775
1800
1813
1832
1869
1870
1876
1888
1908
1930
1973
1986
1990
2010
2017
2047
2054
2073
2073
2077
2090
2120
2130
2151
2181
2184
2188
2197
2198
2215
2230
2277
2291
2298
2327
2352
2395
2406
2427
2427
2537
2593
2663
2687
2734
2780
2814
2855
2860
2886
2942
2959
2990
3007
3007
3014
3027
3041
3051
3059
3094
3100
3103
3110
3119
3131
3137
3148
3151
3167
3195
3206
3213
3213
3227
3239
3261
3275
3295
3303
3323
3328
3407
3408
3434
3452
3473
3486
3511
3540
3563
3564
3582
3598
3642
3663
3674
3678
3686
3715
3716
3733
3742
3761
3771
3797
3799
3827
3834
3854
3883
3898
3914
3920
3936
3949
3951
3988
3997
4021
4023
4036
4047
4057
4062
4076
4080
4084
4086
4087
4089
4113
4128
4130
4137
4151
4153
4164
4172
4178
4179
4186
4190
4191
4194
4203
4206
4218
4218
4231
4241
4260
4271
4283
4298
4301
4319
4367
4380
4394
4399
4411
4425
4446
4449
4476
4476
4550
4558
4604
4625
4655
4670
4694
4719
4728
4753
4788
4809
4820
4824
4824
4831
4838
4844
4848
4865
4867
4868
4883
4889
4909
4912
4920
4922
4926
4926
4934
4940
4948
4954
4965
4972
4973
4974
4994
4998
5036
5050
5070
5090
5091
5120
5137
5205
5219
5267
5270
5276
5280
5285
5290
5294
5304
5339
5355
5369
5391
5395
5414
5422
5439
5439
5459
5477
5504
5530
5548
5553
5554
5559
5583
5598
5614
5619
5637
5661
5667
5683
5688
5696
5705
5732
5732
5743
5746
5775
5791
5853
5868
5873
5891
5948
5948
6024
6047
6096
6126
6156
6198
6215
6238
6246
6265
6300
6327
6339
6371
6371
6403
6471
6496
6532
6558
6667
6703
6742
6745
6770
6813
6908
6943
6961
6987
6987
6995
7005
7016
7024
7040
7055
7056
7058
7067
7094
7106
7127
7151
7170
7190
7191
7224
7247
7327
7344
7368
7419
7422
7426
7437
7448
7458
7463
7486
7525
7536
7545
7556
7562
7570
7575