1
41
46
1479
47
2
65
2089
2094
67015
2095
2217
2222
71111
73
74798
74799
2341
2350
75207
79
85
3
97
3113
3118
99783
3119
101
3246
103879
3329
106537
106542
3409351
106543
3333
106670
3413447
3337
3423687
106997
3349
3429417
3429422
109741511
107177
107182
107183
105
114119
3573
117
119854
3753
3758
3759
4
129
4137
4142
132551
4143
133
4265
136647
137
4385
140334
140335
4389
140743
4405
146887
4597
149
152622
4777
4782
4783
5
169
174
178
6
193
6190
198087
6313
6318
202183
207
6645
213
7
225
7209
7214
230855
7215
229
7337
7342
234951
245191
7669
245
7841
250921
250926
8029639
7849
7854
7855
8
257
8233
8238
263623
8239
261
8361
8366
267719
8647
277959
8693
277
8865
283689
283694
9078215
8873
8878
8879
10
329
10529
336942
10782151
336943
10533
10542
337351
10796487
10549
341
349230
10917
10926
11
353
11305
11310
361927
11311
357
11438
366023
376263
11765
373
11937
381993
381998
12223943
11945
11950
11951
12
385
12329
12334
394695
12335
389
12457
398791
393
12577
402478
12879303
402479
12581
12590
402887
12597
399
409031
12789
405
406
414766
12965
12974
12975
13
417
13353
13358
427463
13359
421
13481
13486
431559
425
435246
435247
13605
13614
435655
13621
431
13813
437
14
449
14377
14382
460231
14383
453
14505
14510
464327
455
457
468014
14976455
468015
14629
14638
468423
14645
474567
14837
469
470
480302
15013
15023
15
501
16
513
16425
16430
525767
16431
16553
16558
529863
521
533550
533551
16677
16686
533959
527
16885
533
17
553
17697
566318
18122183
566319
17701
17710
566727
18136519
17717
565
578606
18085
18094
18
18478
591303
18479
581
18606
595399
585
605639
18933
597
611374
19113
19118
19119
19
609
19497
19502
624071
19503
613
19630
628167
19713
630825
630830
20186567
630831
19717
630953
630958
20190663
19721
631285
19733
631457
20206633
20206638
646612423
631465
631470
631471
617
638407
19957
629
644142
20137
20142
20143
20
641
20521
20526
656839
20527
645
20649
660935
649
664622
664623
20773
665031
671175
20981
661
676910
21161
21166
21167
23
737
23593
23598
755143
23721
23726
759239
751
757
24
777
24865
795694
25462215
795695
24869
24878
796103
25476551
24885
789
807982
25253
25262
25
801
25646
820679
25647
805
809
25902
828871
815
835015
26101
821
840750
26277
26286
26
833
26665
26670
853447
26671
837
26793
26798
857543
26881
860201
860206
27526599
860207
26885
860329
860334
27530695
26889
27540935
860661
26901
860833
27546665
27546670
881493447
860841
860846
860847
841
867783
27125
853
873518
27305
27310
27311